psnr: 32.83209228515625
bpp_real: 0.4131927490234375